Sample	1.0	2.0	3.0	4.0	5.0	6.0	7.0	8.0	9.0	>10	>50	>100	>500	>1k	>5k	>10k+
ERR3141386_1										9.473572736120706	5.28999137665848	17.731304746872148	10.898693387258634	35.83679191523911	0.0	0.0
ERR3141386_2										9.280430057640231	6.596099829046037	20.197277848098075	16.893176465841986	25.104009601662135	0.0	0.0
ERR3141387_1										11.285779241663061	6.489336926506304	19.104811968371205	11.302414301715629	29.528340597309555	0.0	0.0
ERR3141387_2										10.963613578645019	8.48554413281432	24.10752902817979	12.69476882811547	25.087888567277727	0.0	0.0
ERR3141388_1										9.171463283001552	3.8634456228944223	7.268032781038921	1.9921114384142993	32.866866852587556	21.171919763961302	11.585344108185987
ERR3141388_2										8.326260255962188	3.1135805463030986	7.395704799469341	2.4426486356687565	34.63359081712469	22.718724516118293	9.780817814169454
ERR3141389_1										9.381201837978939	3.9821387066206575	9.567145232518639	4.649925801433909	16.109134469256762	14.952798984462998	29.238704832740343
ERR3141389_2										8.128318821404946	3.4033004952530796	4.775080009297169	9.029876097334215	22.044125797858076	21.528758649049724	20.04568128587009
ERR3141390_1										12.244881892863187	5.250955524327984	18.43541993867325	14.871934154434774	24.796397545355422	0.0	0.0
ERR3141390_2										10.837673047325517	6.087014709760716	25.267566493078107	13.892989147762833	22.17052615833953	0.0	0.0
ERR3141391_1										9.709961239738847	3.5724286324849306	16.14003802337406	12.398862246326619	31.227064389194286	8.566312469603407	0.0
ERR3141391_2										9.286988047691333	3.4501053748544646	13.699467967518016	9.038657096959604	45.03411787245958	4.422796339144916	0.0
ERR3141392_1										11.602416041534656	4.057396316660875	10.569670707029413	8.586963187049037	18.548535453672095	15.997588046522084	12.525805858185313
ERR3141392_2										11.184412239641887	4.132514359299307	13.966334852727755	7.886372462849785	18.677309241052264	21.31614986816017	5.91592911309609
ERR3141393_1										9.809778803681372	5.290381163731102	14.441620380781847	9.35066808671337	37.367454057104545	4.8227841118838395	0.0
ERR3141393_2										8.533009721096604	5.334085788359295	20.922210011329256	14.023668387978258	34.4099663516822	0.0	0.0
ERR3141394_1										10.289547408887952	4.423698443636123	14.83697698766413	8.121355828398572	27.198917456021647	9.718066814812975	8.037971802543316
ERR3141394_2										9.544056974256474	4.183684870454743	18.545807418074677	8.013556628719693	28.058414337914282	12.310006496919137	2.3475810356171865
ERR3141395_1										9.991189112068232	5.545045105484666	18.09631150290491	14.130517427220724	30.080908102886124	0.0	0.0
ERR3141395_2										9.331937903366475	6.089799496392903	24.275114385004496	12.375943145173915	29.39661071529203	0.0	0.0
ERR3141396_1										9.407266475084668	4.388164263747942	17.91149156051782	12.521339200913731	35.412232133859014	0.0	0.0
ERR3141396_2										8.418715586243964	5.883969717421644	22.184828782497426	13.445757965362546	33.256476581085906	0.0	0.0
ERR3141397_1										9.64172002793329	4.5900552747760015	13.997419721377252	6.3418040645306375	47.577733852545364	0.0	0.0
ERR3141397_2										10.445393965935587	4.01718607596435	16.221430515937364	8.588303525986246	40.80627788890598	0.0	0.0
ERR3141398_1										9.411701414465789	4.853794393451578	19.68871820762603	14.361090189781747	28.995307184890294	0.0	0.0
ERR3141398_2										9.145609693518617	6.161906259569784	25.19180950646814	13.755245276147754	25.13635648841694	2.204878210274534	0.0
ERR3141399_1										10.100655658875437	3.9456498430707447	18.199894730686005	15.828735923478307	29.865944077301464	0.0	0.0
ERR3141399_2										10.056468539420758	6.349299179289238	21.736163908220753	15.113944285240851	19.06544242353354	3.509626943745898	0.0
ERR3141400_1										12.343265095954466	5.789275923013763	18.463058574669134	12.963942274239113	24.719929860695547	0.0	0.0
ERR3141400_2										13.576269535327107	6.335499672961577	19.27995880707516	10.472883643903865	24.96277328583158	0.0	0.0
ERR3141401_1										8.17596548788853	1.9652730142726091	6.237138536045157	8.237948446707053	46.657465640779826	14.852769811819739	0.0
ERR3141401_2										10.37842662457335	2.587581920810572	7.309030503880133	4.73715093263692	51.52354112775927	4.299138023652698	0.0
ERR3141402_1										11.387230514096187	7.7321724709784405	28.018242122719734	15.086235489220565	10.771144278606966	0.0	0.0
ERR3141402_2										12.335820895522389	9.799336650082918	30.29436152570481	15.812603648424545	6.548092868988391	0.0	0.0
ERR3141403_1										11.313002541988896	5.930283458640842	20.111663197990985	6.653713530907051	24.95756952070838	9.998233663305507	0.0
ERR3141403_2										11.317610376844094	7.341048896807538	19.909686436838104	8.206553877109044	21.76357199357975	9.2655879213289	0.0
ERR3141404_1										9.631507549981096	3.5014566237463027	13.036226566148509	11.158182667289346	38.42262103320213	0.0	0.0
ERR3141404_2										9.960637801054107	3.827251095247626	13.954677874886027	11.33942669068428	26.583939333288857	11.978784441924077	0.0
ERR3141405_1										12.042826581921487	3.9579851008068676	10.308714583462308	12.66809742944207	33.71613116242597	6.692943175330349	0.0
ERR3141405_2										10.10132276770053	4.366921865219395	14.564202040212686	15.542692447911294	34.58834616204764	0.0	0.0
ERR3141406_1										8.428572579151265	5.8782548465299085	22.193764547643784	13.343159285121736	23.47758152721064	7.852707371880059	0.0
ERR3141406_2										8.65448892969612	6.151690144248194	26.62832934657421	11.715836695902901	28.382503362569565	2.2317797053825275	0.0
ERR3141407_1										8.776751077420585	3.970625303552875	18.0477938238133	10.278684593961525	40.46797862987759	0.0	0.0
ERR3141407_2										7.8293587118906665	5.5992056905020995	20.877367712425535	12.784263818956454	34.406757778638486	0.0	0.0
ERR3141408_1										11.573590117277215	6.6238354303852525	19.876084451803415	12.197746018907804	19.410638119291608	8.975483949731796	0.0
ERR3141408_2										11.147058150270492	7.210603020059973	20.66352808320044	12.689135261756334	25.144021303707547	4.36451315076646	0.0
ERR3141409_1										9.006348773576638	4.173198827619112	13.678588468991304	7.119000555030819	27.130782788202186	17.50562333855906	5.747246755017186
ERR3141409_2										7.761424384353973	4.158105884300418	16.124862459468144	6.5406000175272885	34.600329123538174	13.39547406448095	2.7637126693087435
ERR3141410_1										9.750611344426135	4.195683376747648	16.486032108872468	12.007269682632502	21.973180585827443	14.219738450906386	3.6534474509595447
ERR3141410_2										9.264526075168785	4.865171973845091	18.013064164584552	10.575261814895539	26.432672372547977	14.089495507947477	0.0
ERR3141411_1										9.905761119120081	5.4416502037837935	16.587466851762862	13.46174381974478	30.897271610870842	2.3973517005713063	0.0
ERR3141411_2										8.745350347945255	6.5099578194244225	22.248918789043728	11.452382223646039	33.08327549077188	0.0	0.0
ERR3141412_1										11.001535341679025	4.104025948846398	18.153712330418106	10.797696463474065	31.792052903787	2.7531348742644246	0.0
ERR3141412_2										11.283975329731657	4.777375456541447	18.70339609195282	7.709196853859576	25.649638172891002	11.555935169804597	0.0
ERR3141413_1										10.318349728136804	6.524024958840051	26.33614189460286	14.305676614230967	18.44034920239627	0.0	0.0
ERR3141413_2										11.178903969341025	7.661284743839842	24.569376997468144	13.114459248191038	22.007775425780657	0.0	0.0
ERR3141414_1										10.28617263163477	6.253770226644481	23.15167746083936	16.92309731990746	21.946530728590087	0.0	0.0
ERR3141414_2										10.394224841401895	8.170868328770393	26.422411221520285	16.386813653026454	17.631734204821914	0.0	0.0
ERR3141415_1										12.4081547088727	7.084534353545411	22.963157067239663	9.570777212934333	22.17074576804151	0.0	0.0
ERR3141415_2										14.47513233059064	11.234212043393953	20.61736806247052	11.121010429222787	18.930873643938998	0.0	0.0
ERR3141416_1										12.025373483988394	7.1477056339466465	24.929568158199828	14.887098808815843	16.100508791215393	0.0	0.0
ERR3141416_2										11.416866398755355	8.097409189478173	29.807236008241578	12.874760471668079	13.676692316471739	0.0	0.0
ERR3141417_1										11.8074641050009	5.557624637197237	15.38925846967868	5.094007654175122	23.480081165078467	13.486630878689029	6.880409935016567
ERR3141417_2										11.512084863740272	4.027431741710117	13.981712172193255	5.509464978296047	22.600364729150076	19.58813859707703	6.5105437546554334
ERR3141418_1										10.1741476356075	3.875076183988815	4.55535438999032	2.0964041157279607	29.7377478220342	26.448392069694904	10.339959846556484
ERR3141418_2										8.43132685620048	2.238016706700606	5.30823145592084	3.5716846520632415	35.357437349872725	28.246334205714696	4.506058867816298
ERR3141419_1										9.777108933417072	5.770757545235866	13.59505160502897	8.982790423939361	16.931110347469915	16.851717995204858	11.524530656902593
ERR3141419_2										10.299676505788533	6.417745968171962	15.777353825249929	6.729785561651519	17.67013070114112	15.016214209256121	10.016470950693794
ERR3141420_1										10.282773633155102	5.602109178519348	20.183020901578715	17.52594205042585	21.678783523892047	0.0	0.0
ERR3141420_2										10.055582560179218	5.897457573388	24.911765327472153	18.542490014159814	19.6662932983917	0.0	0.0
ERR3141421_1										7.868547629664064	1.9400988549147589	6.247213183185178	5.752938609390268	52.09521189294829	12.4688113692639	0.0
ERR3141421_2										5.001565360934284	1.369927993397023	9.677725388256947	11.71269460282524	48.000607170301784	10.920527099718234	0.0
ERR3141422_1										10.554866260784257	5.363274374585221	17.202152523299766	17.18772542343538	26.31214473266584	0.0	0.0
ERR3141422_2										11.316617133623799	6.14666589722134	18.34694289753874	12.970684133075569	32.74590991718845	0.0	0.0
ERR3141423_1										11.324476390210553	5.938709707221982	20.706492114672162	16.801245392141464	18.226794408669704	2.373913284490803	0.0
ERR3141423_2										10.162695516403513	6.423285507072313	28.55024529051451	17.682628257836825	15.95681778286939	0.0	0.0
ERR3141424_1										10.585327795712237	5.81870675680095	21.887307230519827	17.313163685289954	20.13024933310286	0.0	0.0
ERR3141424_2										10.866102003728082	6.617581791255354	25.244451088759224	13.350089464660291	23.825630340432888	0.0	0.0
ERR3141425_1										10.467901024213855	5.657787622347173	21.867249768084662	11.142821983680733	24.445296378334376	5.470835463168059	0.0
ERR3141425_2										10.20238162851896	7.240018174589652	21.360822400181746	12.327483387289147	28.623085515230684	2.673652524564094	0.0
ERR3141426_1										9.274452299255943	2.985240850440971	18.114562396253735	12.752902243836212	32.63453206124278	6.859318735051256	0.0
ERR3141426_2										8.20265060113173	3.8740778846102852	15.551466103807257	12.905637963311609	40.90824719851931	3.2748023186130752	0.0
ERR3141427_1										12.077389671546122	7.497124431030584	23.00061935331649	10.023692722106981	26.325465252312746	0.0	0.0
ERR3141427_2										12.996588641256796	9.56556788800519	20.963635112417542	7.246433802927673	31.41301035204829	0.0	0.0
ERR3141428_1										10.431672211863065	4.883429003205245	17.461884391795547	11.501102945657076	29.75333016464968	6.7840298343753425	0.0
ERR3141428_2										9.563331017756816	6.358085627582173	18.07612153120544	13.805710942927133	29.416352845112304	7.52013942208085	0.0
ERR3141429_1										10.110015426027996	4.969479448906255	18.541732046799652	12.6453648984932	24.11366639998939	10.091893158180879	0.0
ERR3141429_2										8.88035325162106	5.378777498331425	20.52059529439845	9.054945832099397	33.95936191936917	4.941633037336292	0.0
ERR3141430_1										10.198370920374577	4.201067582793078	13.243198315509503	8.97748471583458	43.227867974363235	0.0	0.0
ERR3141430_2										10.30734563454683	4.895550507009475	14.067896788016476	6.389797011506991	46.3881346853586	0.0	0.0
ERR3141431_1										10.518393125947513	3.821656050955414	20.944646520921612	13.527398177561833	22.732264441027894	6.487279895860675	0.0
ERR3141431_2										9.140047034118485	5.1110765884728915	20.33181017072635	12.964917261735762	30.250759349236368	2.827404070219046	0.0
ERR3141432_1										10.748266829847093	9.524413632530615	30.05828227726245	13.889241285642859	10.675134138787937	0.0	0.0
ERR3141432_2										12.107191630038134	10.702745460922516	30.38588688312948	11.450489914404901	10.00574614001179	0.0	0.0
ERR3141433_1										11.245047785350833	9.758913986368501	29.437278206500313	14.067106029027956	10.002065378621454	0.0	0.0
ERR3141433_2										12.58003342158133	10.781276403988059	33.55395332244315	14.639779192249197	4.033121162620403	0.0	0.0
ERR3141434_1										14.656205731720606	8.183502233845482	35.13130652718753	9.832033499898815	1.8384470493002694	0.0	0.0
ERR3141434_2										17.16402808262893	10.613490247357523	30.908015380065066	7.862824763772785	1.654758013045035	0.0	0.0
ERR3141435_1										11.685900106885995	7.128752332469792	26.21152557111542	13.059113389735321	16.866247576948858	0.0	0.0
ERR3141435_2										13.026504103335204	8.366093588651967	23.12541893874889	7.8389101251834274	24.192467254841574	0.0	0.0
ERR3141436_1										10.115026853441115	4.067465810309507	18.054786556669068	12.38372736836277	36.501301146115935	0.0	0.0
ERR3141436_2										9.611870882010964	5.1326061679862685	16.588920879242565	15.717568240961189	31.14307070483362	0.0	0.0
ERR3141437_1										8.191475450188845	3.312282213213744	16.56679564003354	12.290674687117791	39.17123714432966	0.0	0.0
ERR3141437_2										7.528403627664402	2.529211313759125	22.23290590072384	15.784493965431034	30.846685794724653	0.0	0.0
ERR3141438_1										9.792914979757086	4.035425101214575	16.09392712550607	11.202226720647774	36.21093117408907	4.7002024291497975	0.0
ERR3141438_2										7.869838056680162	4.6421052631578945	19.632186234817812	11.115384615384617	36.92672064777328	3.6921052631578943	0.0
ERR3141439_1										11.73895882793032	5.708361070037879	18.471172482047233	10.323945072488527	24.272021961579018	10.829980383031616	0.0
ERR3141439_2										11.229978026639019	5.817933325871424	21.10326301465087	6.95312546023293	31.72352445640968	6.742228322660838	0.0
ERR3141440_1										11.458473333294377	4.104457988324733	14.208997785322355	8.664707154168443	28.541292927640228	13.351759762988587	0.0
ERR3141440_2										11.198438623043165	5.520916724614477	14.417025553523324	9.443642589595106	29.440019634081494	12.11294271639855	0.0
ERR3141441_1										9.023770736873283	4.83825448408252	19.64948851141593	15.837284877206415	30.694065279411642	0.0	0.0
ERR3141441_2										8.694048513874879	5.343735417475837	24.914425906107407	13.95283854508672	24.591689323426763	3.1686864481372092	0.0
ERR3141442_1										11.308417419012216	6.491635687732342	23.380244291024958	21.790361125862983	12.366569304301645	0.0	0.0
ERR3141442_2										11.219463621879978	8.529607010090281	28.89139670738184	16.27655337227828	12.797397769516728	0.0	0.0
ERR3141443_1										9.871532322763162	5.996917620233923	26.167504116877083	14.169446438373518	21.742916860195077	0.0	0.0
ERR3141443_2										9.7480260102183	6.878351560190854	31.129396613604694	16.05265380230545	18.00078115103661	0.0	0.0
ERR3141444_1										9.764435030849986	4.353255364214016	19.381158486048438	11.075052951468829	33.96740031310434	1.8498940970623445	0.0
ERR3141444_2										8.593793166958283	5.012984621051662	24.61847315590754	12.241642876876323	29.01040611474353	2.143843816189336	0.0
ERR3141445_1										9.69078127418317	5.297692263829719	22.564576697811194	16.813157273075323	22.3328255716392	0.0	0.0
ERR3141445_2										9.432148646557131	6.194556903251033	25.240915274394965	18.372284357409928	21.05595425257207	0.0	0.0
ERR3141446_1										9.323336252189142	3.6508318739054286	15.458625218914184	13.570928196147111	35.780210157618214	2.705560420315236	0.0
ERR3141446_2										7.9165936952714535	4.60529772329247	18.129159369527144	16.00591068301226	27.69680385288967	8.742556917688265	0.0
ERR3141447_1										10.377640142653197	7.195627038969075	21.18627967191936	15.65493993692427	21.733985441557245	0.0	0.0
ERR3141447_2										10.892776689121336	7.3823572518089495	27.02919830857168	16.12339393018244	19.23538320405161	0.0	0.0
ERR3141448_1										13.201168938165239	6.753906004662452	19.508779966971215	15.550867652111588	20.36442497035168	0.0	0.0
ERR3141448_2										11.548251949769648	5.9765842917468675	25.563687549182962	16.955884037196174	15.890022277803844	0.0	0.0
ERR3141449_1										10.494338369709991	5.296019112534204	21.018826304159496	14.642765821842788	25.732844325203132	0.0	0.0
ERR3141449_2										9.216607448850691	6.69015025169162	26.18317959599583	12.771202967633105	26.33049265915345	0.0	0.0
ERR3141450_1										9.636816942366792	5.1494902870584065	20.00547775267141	12.652400343165093	26.416865033813043	4.556201339632749	0.0
ERR3141450_2										9.29929071158424	6.866121308055116	24.08640349287288	12.856204964616133	25.855798160925097	2.2205037115802106	0.0
ERR3141451_1										9.174311926605505	3.314735351058561	8.609445835541194	10.52431071444651	45.080539306852856	7.341527528130746	0.0
ERR3141451_2										6.615963787615891	2.554538496437984	11.919332550624954	12.533377663719389	51.557277975763746	0.0	0.0
ERR3141452_1										11.764319727719398	6.833273578379143	19.450995046230133	18.540531532941813	25.782831980851483	0.0	0.0
ERR3141452_2										10.797804384162076	7.673546060970252	20.46245284829143	14.166973857628351	32.585807272598736	0.0	0.0
ERR3141453_1										10.83008916237599	5.041232366361087	13.170496881409854	8.605634392398175	26.855037883544732	18.572146176064297	0.0
ERR3141453_2										10.190882833103101	5.306207878102893	12.97919544560258	8.208380426137554	30.5127883126125	17.45866298296287	0.0
ERR3141454_1										12.775335479478924	7.468817427625278	31.921031072957412	14.892635028326815	5.135749477886623	0.0	0.0
ERR3141454_2										14.236099091926569	8.07343048680582	25.804516136476398	15.961092457336704	4.197676162783989	0.0	0.0
ERR3141455_1										10.642316900711146	4.6974770927537195	17.544576777675942	8.501006674774228	36.724714436960326	1.6111874192311697	0.0
ERR3141455_2										9.790007388205783	5.04175224883274	20.229212102439632	11.358287358043622	29.3212752398628	4.691383727159399	0.0
ERR3141456_1										10.252492579962485	4.716315630353724	14.834548604902913	10.816187872424116	28.52837818947834	7.243191932720659	3.7043297910036315
ERR3141456_2										9.332180369490237	5.870688169875785	18.383163260330353	10.671200501929372	22.169739250291762	13.580700425534681	3.8613452617412136
ERR3141457_1										9.903374665097168	5.279729622381259	18.54838127288352	14.09624981043236	29.602160710030113	0.0	0.0
ERR3141457_2										9.354170127028373	6.3246986777205665	21.812194435016213	10.036974717092862	32.975020401089026	0.0	0.0
ERR3141458_1										10.010831008089031	5.0209171327221265	16.938649788010196	17.222108140972214	28.067208619710826	0.0	0.0
ERR3141458_2										9.642818316885501	5.89746377249246	22.520846670773594	13.899122648080816	26.94545439904011	2.0925185516244498	0.0
ERR3141459_1										11.221589843955039	5.056276666741652	17.825568578048724	17.953793894675275	23.45548481917231	0.0	0.0
ERR3141459_2										12.026934815048103	6.436760923522222	20.78224941698723	15.8272032633718	23.31601166775396	0.0	0.0
ERR3141460_1										10.193127608405472	5.139368406823955	15.195070712077094	11.70198985080343	36.24141795878367	0.0	0.0
ERR3141460_2										9.880541365579468	5.390000619540301	15.12016265748996	17.84839285613711	32.638509498679255	0.0	0.0
ERR3141461_1										9.644567570295763	2.7781827970255386	7.276326562657724	3.880707500084119	49.93719086127032	11.751477697147793	0.0
ERR3141461_2										7.998631658049103	2.6435917854619273	7.205105485705313	9.237429760315841	45.96563442838076	12.234322951132247	0.0
ERR3141462_1										10.85758449081598	6.8762775646998495	21.397357833683646	16.811487428402206	20.93147558271396	0.0	0.0
ERR3141462_2										11.089442169205546	8.221196558972025	19.582945098124192	16.218480718253193	25.519512882185964	0.0	0.0
ERR3141463_1										10.327444438367154	4.857426753450382	13.044905103101243	8.61091359915404	31.020164451494104	10.08723951211508	5.069828073437984
ERR3141463_2										9.608652846906962	4.494612481540228	14.521686812886289	7.406698390125617	30.82371602034677	15.925996827654105	0.0
ERR3141464_1										8.945537987164318	3.1927862034347996	4.815770917739295	0.6686744828080743	26.407562774132636	22.264649289496013	23.14127615837845
ERR3141464_2										7.865141682502122	1.8536445448352514	3.4849951597289452	1.8847178898808457	32.07605798764237	26.960907341675334	15.966918838813
ERR3141465_1										9.347179161530512	3.296477531657391	4.036083822046244	0.6474667861989964	25.57867344016535	22.40048310983278	23.744599255413195
ERR3141465_2										7.981895832555128	1.8975757349370588	4.0603638265287065	1.1156350777582706	31.242762690971578	20.880803854917634	22.738535479934754
ERR3141466_1										8.851415347660941	2.3805571558298264	4.259224903088475	0.4931014617284915	48.179430345756884	22.93556482087235	0.0
ERR3141466_2										7.727534590335211	0.7049886244910314	5.4827023912979795	3.2007655278138514	48.37764736898636	21.5167996250476	0.0
ERR3141467_1										9.28955964918189	3.682820400563849	5.15739186075042	0.5547082850228763	16.013413067637845	35.530677340671716	20.24853625328952
ERR3141467_2										8.641517966679015	2.060070144378106	2.8875621220358227	2.2515479392082054	26.76214897742198	27.97981304454505	19.244480580399024
ERR3141468_1										9.506289278810687	2.3663002978886327	3.4205832640750042	0.0	50.87639022477052	21.93917095445759	0.0
ERR3141468_2										6.744983051164007	1.3194878930215619	3.3813628171486734	2.7024755572571832	53.18479367243456	20.544977448243017	0.0
ERR3141469_1										9.213179925424024	2.684154781422747	3.2703161499064173	0.0	43.51377624305384	21.875136021357168	9.034719904821323
ERR3141469_2										6.874338029395122	1.2709835613655818	3.7563657995154016	0.45630631284186696	39.830680614598904	28.59713013072559	8.0089375099749
ERR3141470_1										7.618014252799657	4.089642608369501	8.129721909660827	6.3648663130257725	14.159701012698921	21.281412420296846	26.162058618657234
ERR3141470_2										8.443846112629267	3.2356802229009265	5.198789047848685	6.349461501366339	20.598242511921985	25.179499544553398	16.91381342763757
ERR3141471_1										7.5671075273493065	4.528088561435769	7.125418548452226	3.795667596429215	8.057873059457176	19.512589067731856	39.3593956750511
ERR3141471_2										7.456529977076901	2.817242643176185	4.450435787368068	5.932050716579798	8.130556055984545	18.70313655085014	42.46177930460387
ERR3141472_1										7.634003009475782	4.000264345845704	6.803855382488104	5.412481190776363	12.216336573264467	19.79797877099516	33.93590629956484
ERR3141472_2										7.1271706860791415	3.124872910651104	4.712473057058034	5.107466753426329	13.875615112448655	13.771401846354062	42.33092033022896
ERR3141473_1										8.408719346049047	1.6716621253405994	5.123978201634878	2.3916893732970026	40.08038147138965	24.315395095367847	7.423705722070845
ERR3141473_2										6.432561307901907	0.992506811989101	3.11716621253406	3.923705722070845	37.735694822888284	30.50408719346049	7.189373297002725
ERR3141474_1										8.649500112514868	2.5100459703603692	5.640531070177131	1.6922236152634453	33.4400617224419	29.24357861574565	7.167518564953227
ERR3141474_2										7.434982479827691	1.2331629536760214	3.4905326775323884	3.642909955958466	37.461664577104834	29.99324910791783	7.1501591281705075
ERR3141475_1										9.803968457992813	2.3734224512611424	4.890924199941412	1.2201902324997458	25.781824486306487	30.326599668796966	14.94478953063628
ERR3141475_2										7.254183381260127	1.3965528579712918	3.7167676018867812	2.538426127973504	32.3969175400104	28.451775284123176	14.548422002881587
ERR3141476_1										9.361166648568197	2.5697695958505533	6.837388454880518	0.0	35.52771940134525	26.58175291119188	7.272390467004362
ERR3141476_2										8.981737580724493	1.5592362872163064	4.266341320080996	1.751505899036097	34.110289937464465	30.114148105090354	6.912124483395187
ERR3141477_1										9.958321552365094	2.119527085754977	4.93753468840648	2.397034337595426	22.13146513357	34.33916622160786	13.47899846062015
ERR3141477_2										7.607363890546952	1.4922559768778865	2.5137968228037657	2.647314462840208	30.63418261024368	32.79088519577351	12.9564470694187
ERR3141478_1										8.803077586287685	2.440327251258118	6.561425211092057	1.5959590279925402	18.030682148312668	34.95928102186361	17.948681904654805
ERR3141478_2										7.706617185376779	1.5594103479621768	3.1230378513124726	3.1436550554321645	27.283589642666367	30.05379215983956	18.010064944192976
ERR3141479_1										8.420986151620237	3.5246767563098547	8.52777713983878	6.231196748042165	14.230760397767725	23.009438945410285	23.891325815860185
ERR3141479_2										7.400156167466642	2.76106377603748	5.000803803137129	6.664102151895827	25.675194635188202	18.80095537744299	23.760420733527777
ERR3141480_1										8.854035993807253	3.096985013799054	7.807021301333399	9.528384439807363	25.81188003696066	15.814144183285705	14.745099959000592
ERR3141480_2										7.775812797934119	2.631305188566673	4.216819547537893	6.712887888041023	31.87000128505602	20.783027469602306	13.8804408354088
ERR3141481_1										8.461215429839822	3.56050152978583	8.175055492231087	5.319455276261324	14.94510768492411	22.079908812766213	26.18813366128742
ERR3141481_2										7.522946787449756	2.4698542204091427	4.513768072469855	6.555282260483532	17.07300977863099	26.35611014457976	25.45443637890695
ERR3141482_1										9.074611387531304	4.081947861390289	19.091380470637556	21.58081705150977	23.578765045287557	0.0	0.0
ERR3141482_2										9.414957580839117	6.705426784197345	20.8433083635802	16.448043423099413	26.818397449334203	0.0	0.0
ERR3141483_1										10.431089056341767	4.879617717331373	31.485225346647876	18.5484694398497	9.331413751557108	0.0	0.0
ERR3141483_2										12.681492372725604	7.70487451244665	26.840450080663274	13.684167534562683	16.724866752435215	0.0	0.0
ERR3141484_1										9.482145807636591	4.05806791240629	5.085553339711889	0.6966458787229055	17.105288437522816	22.9505047128305	29.86201570046917
ERR3141484_2										7.335723370490342	2.01961982270689	5.344922323792397	4.3201266489143	19.84345640871941	30.18478599176936	20.52626927495802
ERR3141485_1										9.605354883684903	1.5485012005886758	4.373111977485735	2.479925640959438	36.49983217577651	27.8368748547675	6.932431385711705
ERR3141485_2										6.46704190441765	0.7623092613152255	6.893057240969766	5.802199788283287	29.668740801941595	33.1143012057525	6.7026412950866225
ERR3141486_1										12.335249174803224	7.629896359901207	23.314405742907923	15.163423585624264	19.65295570482192	0.0	0.0
ERR3141486_2										11.628349837268887	8.72515753756665	28.356184936407914	11.994206310735638	20.42737114234933	0.0	0.0
ERR3141487_1										11.393467703339898	5.608470174722853	18.306671164845163	14.60234271412768	28.982260962348676	0.0	0.0
ERR3141487_2										9.808252065370041	7.9413772271867815	24.95351446347453	10.891737735271736	25.460344110655193	1.9931899669697706	0.0
ERR3141488_1										14.711402643137712	9.808246744451539	26.34623943035158	16.30289661577756	9.376753545790523	0.0	0.0
ERR3141488_2										15.39250401501519	10.168146901182253	29.547609372883656	15.755306592364699	7.6662603277800345	0.0	0.0
ERR3141489_1										13.203536551554173	8.354640953759898	33.7358676565725	11.062505776162164	8.507131634884939	0.0	0.0
ERR3141489_2										15.47241304950556	7.994208434737068	33.745109516034624	14.825482887156896	1.8221866239487385	0.0	0.0
ERR3141490_1										12.451460814702305	7.635686352671116	27.727644483543067	15.838379117669293	11.51950845698655	0.0	0.0
ERR3141490_2										11.830159242891801	8.353894474952062	30.810784805602708	14.808145648483514	11.44596944350898	0.0	0.0
ERR3141491_1										11.128536099885396	7.438928765305507	25.835092587007658	17.635563061704566	12.840340189396224	0.0	0.0
ERR3141491_2										11.957898546353821	8.309306954581096	26.304964111225043	19.519874540080824	11.516376138488448	0.0	0.0
ERR3141492_1										9.471757568156521	4.423707024942387	11.745731888942888	10.305391380688855	37.61816671108533	8.587564864314047	0.0
ERR3141492_2										9.057096273535361	4.9445811842538445	14.772602567921364	7.9843855331023565	41.60526439556649	4.973192029723925	0.0
ERR3141493_1										13.829506789688256	5.5807252551880575	20.703797933972965	14.749716457713882	22.238298133218894	3.6814517365049197	0.0
ERR3141493_2										13.447567666983417	5.626705085369218	21.101676731140607	9.235202157986697	32.91236244367471	0.0	0.0
ERR3141494_1										13.05663280023076	7.509374699528862	21.932630364411395	14.504663312073331	18.903881285856222	0.0	0.0
ERR3141494_2										12.239351302842858	8.286272875869363	26.328643312714334	17.153937373802123	13.267523476811641	0.0	0.0
ERR3141495_1										12.940440831639833	6.783909124068574	21.470480954614143	14.948152779948934	19.191287582721067	0.0	0.0
ERR3141495_2										11.63618362774217	8.71919128758272	26.212808087124174	12.387577510291283	17.876087749465896	0.0	0.0
ERR3141496_1										14.303219768238437	9.923678852963596	28.013045030441617	17.476674289132678	6.491639409114154	0.0	0.0
ERR3141496_2										14.960295635896992	11.625707972713501	25.22360841751816	14.537682963306029	7.986221669030597	0.0	0.0
ERR3141497_1										13.743182313048004	7.27627099741366	26.32171516274821	15.32791281857916	17.447436762136412	0.0	0.0
ERR3141497_2										15.35871522116656	9.126539456284487	22.364668582080437	15.628501781759665	19.821877140899748	0.0	0.0
ERR3141498_1										11.04321185389613	6.337629056501491	21.578411321653565	13.688408118341835	22.906964328249103	2.1051507609918767	0.0
ERR3141498_2										9.51260379962053	6.178284831908271	28.261423091770776	8.76927120551298	26.631430237620023	0.0	0.0
ERR3141499_1										12.036570633834524	6.3312129735705405	14.180704577569953	9.750683136230515	38.85518403444878	2.6955463529663493	0.0
ERR3141499_2										11.006405655877646	6.048597397618718	14.91532676868762	13.318147575256425	34.25309695853932	5.7098153191906675	0.0
ERR3141500_1										12.913210841700067	7.030040874637883	22.983716285037765	14.117623715226795	20.64433773827004	0.0	0.0
ERR3141500_2										11.41447411934336	8.20932047568025	24.395147955606706	16.351177956797226	20.02460415095837	0.0	0.0
ERR3141501_1										10.163131403918749	3.059275570735215	2.9053568218587094	4.442297321589071	28.554736652885133	25.687578644616217	13.014560488944815
ERR3141501_2										11.798939421175625	2.7255976990832287	7.447645155491641	5.061342800647132	30.005168074779796	14.40095272335071	0.0
ERR3141502_1										12.220102714600147	7.18048422597212	20.186353631694793	14.421129860601614	20.99413059427733	4.053558327219369	0.0
ERR3141502_2										11.912692589875276	7.363169479090242	24.46074834922964	9.051357300073368	21.322083639031547	8.316214233308877	0.0
ERR3141503_1										13.644787583889972	7.140209616491723	22.311774958005724	17.328454374107867	15.319038193102688	0.0	0.0
ERR3141503_2										12.620363871517235	8.947737829546618	29.18227486731386	11.49420755029455	14.224426866872236	0.0	0.0
ERR3141504_1										8.2248460995055	2.7439701281663136	9.490362296901807	8.028055303259663	39.17751539004945	19.647794933898478	0.0
ERR3141504_2										6.929054394994449	3.3504894540316883	13.068927237864566	5.352709657886769	44.82086991623777	11.69946513270764	0.0
ERR3141505_1										11.742368749523871	5.911618721688632	20.35781467004987	14.195385796410134	24.8132108973495	0.0	0.0
ERR3141505_2										11.434716109864222	4.828095425058747	18.382977725948887	17.358054932111315	26.555403845364996	0.0	0.0
ERR3141506_1										12.360152554440926	5.266089065286815	14.991082191877393	6.081733650097638	14.051363754925944	14.217030546136439	16.248034909870217
ERR3141506_2										11.693255599185061	7.099703209705958	15.736935234859112	6.1367209254781425	11.895580573982558	24.830984624711846	7.880804506136721
ERR3141507_1										10.740170870955987	4.723751872697089	11.379924687208973	5.56595942827064	24.471595740373324	16.040915900716687	12.158865449244848
ERR3141507_2										9.776491071790096	5.750192331052355	10.206705267846298	8.94744300927238	27.502328218002187	18.378244321172613	5.932906830789165
ERR3141508_1										11.15927171327811	6.619781842040514	19.96596407774953	10.947674895431806	28.489297137701957	2.1623062412859837	0.0
ERR3141508_2										10.576150250143526	6.708357254162224	24.05560567538752	10.841056343803821	29.16140408431067	0.0	0.0
ERR3141509_1										10.34131672215659	4.932230694877028	13.943078079690688	7.59145097196864	36.390505853291806	10.526903662334872	0.0
ERR3141509_2										10.305230372677478	5.451616367737086	13.919879712168404	8.981634625711523	34.181505745891954	11.824293845988617	0.0
ERR3141510_1										10.548052644293614	4.649892944248276	18.532393051800423	10.463003716340316	35.359505458685085	1.8419546030663945	0.0
ERR3141510_2										8.549237372550706	6.487876391145646	24.35278427686901	11.141740491562947	31.185158465677628	1.8641268916767877	0.0
ERR3141511_1										10.869343851995563	5.4670961310688195	13.97563629152844	11.088006259747358	38.248771363799584	0.0	0.0
ERR3141511_2										9.34728199411541	7.082411074607828	17.367047360776894	11.78043721762805	35.68859900637229	0.0	0.0
ERR3141512_1										10.034930088304089	4.081359285324211	18.870490772892605	16.640735283510733	27.620529412370814	0.0	0.0
ERR3141512_2										10.891180925492783	6.49555388404035	15.558829893561118	14.586145428692133	29.84307219915302	0.0	0.0
ERR3141513_1										11.115784114616478	5.225032787883148	15.917479677046268	9.927119591382736	32.350711372553356	6.6920484541274	0.0
ERR3141513_2										9.688611951944308	6.182937019595256	20.920606285312687	9.723475017569879	30.859900280564673	5.981505973758626	0.0
ERR3141514_1										10.681106041449068	6.774870357136313	21.552324409506532	14.755923258754331	24.784233961849267	0.0	0.0
ERR3141514_2										10.623843292470635	7.263207080424386	29.094057500962013	14.164513587305077	20.435013651439355	0.0	0.0
ERR3141515_1										12.921807337200752	5.535582972465071	16.692029577579866	13.24556744832094	19.263215949015443	9.483515810115206	0.0
ERR3141515_2										11.338753166108342	6.569674810033499	22.493157120679793	11.1395947381322	21.265013481493586	5.878237601111202	0.0
ERR3141516_1										11.330376425237443	6.94610222232543	21.316211132526764	17.983884076817684	20.467686877365722	0.0	0.0
ERR3141516_2										10.773053433341847	7.722174488540046	28.604602559041403	17.356431275108562	15.239068341731882	0.0	0.0
ERR3141517_1										13.449929589254236	6.565432755275882	17.456941120860293	13.55332998513004	25.637881965986193	0.0	0.0
ERR3141517_2										11.86593400100446	7.570878509458674	21.33544073187785	10.403556973618128	27.0579140693472	0.0	0.0
ERR3141518_1										12.012236300129251	6.7724522243142795	23.257467676221058	13.705461164505786	24.063381887950197	0.0	0.0
ERR3141518_2										11.680389271770194	9.28769169532686	27.80940710295755	12.038623058448907	21.33704835038037	0.0	0.0
ERR3141519_1										13.116334661354582	5.350597609561754	17.26215139442231	11.629482071713147	23.040637450199203	10.322709163346614	0.0
ERR3141519_2										12.237450199203186	6.250199203187251	22.992828685258964	9.381673306772909	21.71792828685259	9.695617529880478	0.0
ERR3141520_1										15.861802855361967	9.982883658345948	28.6664094268499	13.284457768147776	7.002859319501746	0.0	0.0
ERR3141520_2										15.697565126195917	9.79193256359265	31.245733281885368	12.269349875832319	6.548732104518516	0.0	0.0
ERR3141521_1										11.838096332365282	5.183896797505517	21.163088309290522	16.30209550826674	25.12193092627884	0.0	0.0
ERR3141521_2										9.682365479779872	6.9081645185957035	26.259424636584427	17.34648193124324	21.89090995534812	0.0	0.0
ERR3141522_1										12.798093223039372	8.564564028703622	21.537275195329926	15.816307021680664	18.273066775431126	0.0	0.0
ERR3141522_2										12.427189415858368	9.736543584383803	28.268988108135666	12.532342557069478	17.562486457549994	0.0	0.0
ERR3141523_1										11.242094057235894	6.123322270231908	19.12611935625274	17.446302210532906	25.092888304423155	0.0	0.0
ERR3141523_2										11.2880163650406	7.508297326069259	25.571941469931325	11.730018577660886	26.10213538731292	0.0	0.0
ERR3141524_1										10.638920087308483	6.174744114094386	18.25001589353451	11.570069295810464	33.47856491979063	0.0	0.0
ERR3141524_2										10.136684396787386	7.387738667909895	20.879866070482528	10.392676259297717	32.889444573947316	0.0	0.0
ERR3141525_1										10.707509094149344	5.527425718009735	16.505400579369823	7.508744710367505	29.75228271010892	7.933662504848465	4.089833771879247
ERR3141525_2										9.365313988391637	6.0327144769073255	18.19773353880345	4.168806980392979	27.74859962330478	11.252983335255248	7.671233834079386
ERR3141526_1										12.29209230036474	6.635916590418176	19.344555439964235	17.808722827335817	24.123351256951146	0.0	0.0
ERR3141526_2										10.398205131418974	7.729716856974543	25.628684473300495	13.011961612540684	26.104976415192876	0.0	0.0
ERR3141527_1										16.918435467305716	9.494821978774393	27.82330537487162	15.31902601848682	6.481085244779185	0.0	0.0
ERR3141527_2										16.69697877439233	10.341064703868538	29.474067100308115	8.087983567271483	12.309568640876412	0.0	0.0
ERR3141528_1										10.627679397469477	7.352244938734912	21.092043139656603	15.908074134883094	22.45894305235222	0.0	0.0
ERR3141528_2										10.722367729521476	7.416094410347958	27.058276759226686	13.52392617784901	22.081058424438275	0.0	0.0
ERR3141529_1										12.106770300674984	6.110042953569237	17.25301697688689	14.144405808958888	27.100020454080585	0.0	0.0
ERR3141529_2										11.18715483739006	7.886684393536511	22.598486398036407	10.885661689507057	27.0398854571487	0.0	0.0
ERR3141530_1										10.97474063591289	7.2912106372364365	23.18292422190774	14.814041803687603	20.762871483694934	0.0	0.0
ERR3141530_2										11.518412559432301	8.472729864285641	25.713442135592185	13.311817228494924	18.179411734761405	0.0	0.0
ERR3141531_1										12.274118974720372	5.192108984767464	15.152539628876582	12.188885344101024	32.51210650870669	0.0	0.0
ERR3141531_2										11.004185495045498	5.744937169957764	21.24507763879035	10.369456837975154	32.24688230616491	0.0	0.0
ERR3141532_1										12.82364270117047	9.156257205246098	22.423403995605646	16.138394976332886	18.098900055607547	0.0	0.0
ERR3141532_2										13.711329020357788	10.200594051348823	24.85453879643569	13.472623455534308	19.54062741587663	0.0	0.0
ERR3141533_1										11.010149009244987	5.414092712570941	20.669672349648245	10.196142062949356	31.884965017404372	2.0363695367462133	0.0
ERR3141533_2										9.698543132323454	6.9841564191421055	25.08277218236537	10.48627932762331	29.970290871300364	2.0367558713196803	0.0
ERR3141534_1										12.365744972577698	6.759407373552712	20.69098491773309	16.595730499695307	19.97114945155393	0.0	0.0
ERR3141534_2										11.374542961608775	7.268338665447898	27.139034887263865	15.331257617306521	16.273423217550274	0.0	0.0
ERR3141535_1										12.579975791111881	7.927546256268372	22.139892789209753	19.71986858032163	14.035102887774512	0.0	0.0
ERR3141535_2										14.367975099429362	9.350683036486252	23.950371779353276	13.840567179664534	14.120698599342902	0.0	0.0
ERR3141536_1										10.866313744717033	7.262413812363853	24.908304423109147	13.223402076571237	19.825483612712638	0.0	0.0
ERR3141536_2										11.995829480360701	8.205125022497223	27.853113305322996	15.811979072928239	14.321887160136784	0.0	0.0
ERR3141537_1										14.31071116110486	7.69435070616173	30.843800774903134	13.163198350206223	5.945350581177353	0.0	0.0
ERR3141537_2										13.070241219847519	8.679383827021622	33.54346331708536	14.670041244844395	4.0323084614423195	0.0	0.0
ERR3141538_1										14.744044348998653	9.448134645158069	29.6239324776507	14.92383758677521	5.719422663936473	0.0	0.0
ERR3141538_2										14.131748489237378	11.504769515057683	32.04714578235029	15.847775058682515	4.301053788143635	0.0	0.0
ERR3141539_1										17.72193397571127	7.885284223729973	31.328753064598896	11.14658760476652	5.624608016420549	0.0	0.0
ERR3141539_2										20.75089799874565	10.423912423741376	27.13809225155368	15.819031871828496	3.5606362962540627	0.0	0.0
ERR3141540_1										12.852779320442268	5.907002574847276	14.38885242591003	3.8950875952945925	40.899681930630585	0.0	0.0
ERR3141540_2										13.172110869894482	7.496087241884182	14.256323521987177	4.844246983389711	40.07547836623416	0.0	0.0
ERR3141541_1										10.4720409033728	7.36649443625585	24.743948989563595	16.18641917318605	17.307806518840064	0.0	0.0
ERR3141541_2										10.325726040266282	7.830814666040374	31.183962595226138	12.536646204182123	17.94921632463543	0.0	0.0
ERR3141542_1										10.685607995703489	7.660365989442108	21.622719115547348	14.597005540928205	23.243735345358328	0.0	0.0
ERR3141542_2										9.989389711950327	9.334433659501446	27.628011160451134	14.440471044392922	18.11542945468359	0.0	0.0
ERR3141543_1										14.14352532949138	8.750925822587027	28.788263106096736	17.837684276742323	6.260082588447763	0.0	0.0
ERR3141543_2										14.916650602165157	10.123679751625897	32.481407453252295	14.33325554732602	4.4530798185895035	0.0	0.0
ERR3141544_1										14.251590014532233	6.774844528643796	19.920337477274998	15.576553095600913	21.28001317902887	0.0	0.0
ERR3141544_2										12.398877429148012	9.554207581471697	26.06270629004454	18.633028764407207	13.444962845728877	0.0	0.0
ERR3141545_1										11.930427974218084	7.516463235602533	21.600743816674356	18.322777288424703	15.541154593627224	0.0	0.0
ERR3141545_2										12.219146288606462	9.001300281028481	23.55326258686017	21.28406246941543	12.344280860702153	0.0	0.0
ERR3141546_1										12.727569832939231	8.566430205509738	27.83416959840052	14.873022281177306	9.925601245746583	0.0	0.0
ERR3141546_2										13.214910510025568	10.564815348828267	27.445835015475712	14.621181536805276	8.062748716765674	0.0	0.0
ERR3141547_1										12.94662626733481	9.485491201491667	21.769607271879735	14.405080992891273	19.629996503903975	0.0	0.0
ERR3141547_2										13.40170143339937	8.506584314182495	28.996620440508096	13.621955483043935	16.089616594802468	0.0	0.0
ERR3141548_1										13.993818289650767	7.337644563060289	26.92408585962271	17.19815689226488	9.066698601701681	0.0	0.0
ERR3141548_2										13.349985173019457	7.874267205000114	31.763954469764364	14.475124888797646	9.663199434293665	0.0	0.0
ERR3141549_1										12.234423369735104	7.881840457391778	21.740730657147754	14.321222938157325	22.01500438636295	0.0	0.0
ERR3141549_2										11.461011787720201	7.829909953514637	27.85088382692521	13.307821843079125	19.61510925573	0.0	0.0
ERR3141550_1										12.579996669283657	5.570028311088906	13.17655175695287	14.123426831299218	35.39302452834677	0.0	0.0
ERR3141550_2										13.162872029119976	5.210191992006281	13.834963005257775	14.166250327123928	37.068493802488526	0.0	0.0
ERR3141551_1										11.731610240283032	7.3845675069202175	27.1452672268357	17.149853406057034	10.358213355609061	0.0	0.0
ERR3141551_2										12.324537696755279	9.264900987666454	27.135439699932846	15.135210390971778	13.398195010892175	0.0	0.0
ERR3141552_1										14.650527874994554	6.148618230928973	22.29273463934593	12.342254686978116	26.308795980308158	0.0	0.0
ERR3141552_2										14.431971653040183	7.512234791827013	20.94364008655117	13.819869011486908	26.31678308476496	0.0	0.0
ERR3141553_1										10.023402159523675	3.537302289396249	12.009762402203442	9.4913637875109	35.684842553031295	12.68547623080929	0.0
ERR3141553_2										8.704599496822201	4.287677163131247	11.261269739690189	10.536618419319016	37.55513310370356	10.843418848463175	0.0
ERR3141554_1										8.365814364411184	2.4035962997609395	9.578006444236566	6.49360773308388	50.32610955202161	7.62784533832242	0.0
ERR3141554_2										6.614437168693484	2.4516682257561584	9.641669265149153	5.823199251637044	59.107681114229294	0.0	0.0
ERR3141555_1										8.700665925595022	3.905863123374577	8.319741248255538	6.350014371249191	12.989185202115172	16.419585069137828	32.53720075769381
ERR3141555_2										7.7888707661087855	4.011136852384762	9.602072230244726	5.745383019763064	14.935710303319933	16.126619362747643	31.553029909513075
ERR3141556_1										10.306446473503202	3.8632692751425655	17.23747678852007	12.536946083440464	35.46054872487941	0.0	0.0
ERR3141556_2										11.730450165364626	5.611409609827383	19.776730285350123	12.508378108140775	28.92837129577743	0.0	0.0
ERR3141557_1										8.4405009266019	3.26213786089116	2.7879173608381222	0.0	13.320604256752963	24.014276532948962	40.034817768293365
ERR3141557_2										6.931106992880452	2.3998053200052416	2.9027286397983314	0.0	16.564022887378872	12.767139015243693	50.334762234576914
ERR3141558_1										10.733164789703517	2.2596136399375824	11.08638062635329	7.462289370864532	23.865657017745466	25.16723318293435	6.465543311277504
ERR3141558_2										8.306015556012532	3.3736950973158013	10.234791759910003	5.9544690270839125	44.754986754406126	14.942118569233934	0.0
ERR3141559_1										9.377159173208355	5.467546846254381	15.9855819257952	9.895360743213432	40.60411064956255	0.0	0.0
ERR3141559_2										9.30806563054101	6.168055474622691	20.124951093426123	10.983375927143772	32.02527325247446	4.600547753627411	0.0
ERR3141560_1										11.034380520587545	5.004509123253486	24.630931350142685	22.671624643285114	14.96411232040718	0.0	0.0
ERR3141560_2										11.324693935538068	6.103993971363979	23.633982729440252	20.88403523293019	16.11795372280628	0.0	0.0
ERR3141561_1										8.355148831841797	2.2011576059380067	5.492566265979947	5.2096757535888925	18.820301660073373	34.09100093847805	16.664496342629803
ERR3141561_2										7.04846408413074	1.9658645448381462	4.699125733606944	5.195306711689664	23.63527779399284	32.5099572970036	15.991396536162839
ERR3141562_1										10.235749429244649	6.27525668729932	15.476321283375452	16.831483719737758	19.574772003076585	12.241634008472817	0.0
ERR3141562_2										10.611776483658694	6.426644202712767	19.63886752371534	12.117716001904553	23.677495757486966	11.540856316155734	0.0
ERR3141563_1										10.179556693103429	4.298920639197131	17.0576051997912	9.210208743776697	35.36015177283468	7.045874237347119	0.0
ERR3141563_2										9.647453707601551	5.933958610470305	14.787186870302705	6.787119515494412	41.05724597414698	6.6047002430386	0.0
ERR3141564_1										9.938541017190701	4.168076957334995	9.5702324752828	7.379086131646923	28.14776877171105	14.74347555001336	11.30622606217155
ERR3141564_2										8.436804132893915	4.31237196045248	12.029037142602654	8.940945933909326	27.204952347020576	15.435111784091921	10.493453282265966
ERR3141565_1										8.05692608732188	2.926135340512119	10.271185219865307	7.447089470714638	37.083588432311736	13.46142303213647	6.680592069723053
ERR3141565_2										8.008307223202603	2.6578312385205463	10.351616427173743	10.249576835812295	39.74622153395517	13.28975642549309	0.0
ERR3141566_1										7.185538706569619	2.5795098263063223	9.672048070658077	4.559807093652022	31.11116061235514	18.749338694318062	14.018566679103856
ERR3141566_2										6.781237295969794	2.450868468388196	10.12814015782234	9.203704425596845	30.80153033095913	22.19146957436974	5.853460229772399
ERR3141567_1										8.162836322869955	2.695838004484305	10.311273822869955	9.61147701793722	37.16017376681614	17.49404428251121	0.0
ERR3141567_2										6.943665919282512	3.826548486547085	10.071293441704036	12.014784192825111	42.54221552690583	9.702564461883407	0.0
ERR3141568_1										8.529826946201705	2.840225858733727	8.94154859622523	6.347702201077012	39.58017462226173	13.56132692006065	6.782950802530455
ERR3141568_2										7.21166413969781	3.2486798766142106	7.729910597584566	12.02619333925864	39.12924138652167	16.55709206880326	0.0
ERR3141569_1										7.849902676503573	2.7783387545170566	7.647951050363298	7.431390157651174	28.294282190874366	16.75296159911313	17.32530110128089
ERR3141569_2										7.1160018734235955	2.5192391150221933	8.593686218735096	7.114283136179848	30.170713576735174	22.512450102909394	9.647701833462955
ERR3141570_1										8.140724963546338	2.7115991796444336	8.389281635653063	5.583633985481761	28.879598199643564	16.93109566468164	17.7320883107235
ERR3141570_2										6.91928033161965	2.1473083564832196	8.313805762247046	6.0424166505309	32.049584882696266	18.862250603609407	14.311569147359727
ERR3141571_1										8.709732201940701	2.810913371163543	9.107359322569877	6.167026814942346	35.44737443122924	17.259593705896474	7.239273144650774
ERR3141571_2										6.760246657648319	2.896997593155426	8.275797450267328	8.682794282133717	39.88568952290601	20.854049179271854	0.0
ERR3141572_1										7.661070800646158	2.30974501771578	7.621801565414514	5.555258061349255	26.1408159076102	20.959954304889912	18.50384213767437
ERR3141572_2										6.521370496309585	2.155791765955358	7.131828607637866	6.588306692727159	31.244924005105002	25.20951029478701	10.230974501771579
ERR3141573_1										7.816753671268967	2.1144557740157097	13.917158608576866	13.319998048494902	35.02268624676782	11.695370054154267	0.0
ERR3141573_2										7.262526223349758	3.4346489730204417	13.480997219105234	14.5338342196419	43.14387471337269	0.0	0.0
ERR3141574_1										8.614765100671141	3.430201342281879	11.402684563758388	10.012080536912752	8.06979865771812	27.67986577181208	18.91006711409396
ERR3141574_2										8.621476510067113	2.9993288590604026	9.213422818791946	8.971140939597316	17.684563758389263	23.894630872483223	16.36979865771812
ERR3141575_1										8.90098932467837	3.6679310209987097	15.073515035388887	10.058460094631057	17.839127204473467	20.469831462870996	10.249090837993196
ERR3141575_2										8.236225706800141	3.0471591131271265	12.486802486998005	10.078011965745121	30.04927071520744	22.138583662456497	0.0
ERR3141576_1										9.763685665256292	3.5630542710803126	6.146268617613539	2.5616002305505705	20.119467113795046	29.80259107402507	16.58850653008292
ERR3141576_2										7.993948047524856	2.9938825502036965	5.977940502233459	2.651331560539174	26.094787723182122	26.823772907688078	15.904059523965469
ERR3141577_1										8.947647800411387	3.943003118572092	6.779023732112445	0.9051600203481299	19.96992015570743	25.890783624178887	23.26930307654878
ERR3141577_2										8.164134209187623	2.8719616039634617	6.891270209895383	1.578638887045761	22.09209740561343	26.308252051401144	22.060579921703933
ERR3143460_1										5.301603958499506	1.2552500158643196	2.2543771987507113	0.0	0.0	0.0	0.0
ERR3143460_2										4.761309220046099	1.1633754459349794	1.9603025975752544	0.0	0.0	0.0	0.0
ERR3143461_1										5.29619252200696	1.267172549121544	2.30304459401214	0.0	0.0	0.0	0.0
ERR3143461_2										5.043913750309717	1.2713915598362924	2.077969281718862	0.0	0.0	0.0	0.0
ERR3143462_1										4.883491591894764	1.4031292262001946	1.8764050067192493	0.0	0.0	0.0	0.0
ERR3143462_2										4.2998620971218635	1.272681742972472	1.3418571716814063	0.0	0.0	0.0	0.0
ERR3143463_1										5.283812185319542	1.5430471630264686	2.033251010669157	0.0	0.0	0.0	0.0
ERR3143463_2										4.845224895096089	1.2617980020284492	1.9832719096377425	0.0	0.0	0.0	0.0
ERR3143464_1										4.843380026825787	1.0019597673168352	1.9685614976483161	0.0	0.0	0.0	0.0
ERR3143464_2										4.704661971921087	0.9144118564031415	1.9011664229647594	0.0	0.0	0.0	0.0
ERR3143465_1										4.477168111278882	1.1916803257605868	1.0049271495198402	0.0	0.0	0.0	0.0
ERR3143465_2										4.669059192798527	1.1863780418169747	1.0631851036280984	0.0	0.0	0.0	0.0
ERR3143466_1										4.479813468796848	1.1216944612256656	1.3925511785888194	0.0	0.0	0.0	0.0
ERR3143466_2										4.209926797694735	1.0961045269038925	1.2950900550121989	0.0	0.0	0.0	0.0
ERR3143467_1										5.214292237834981	1.1287899794215526	1.8631654503316397	0.0	0.0	0.0	0.0
ERR3143467_2										5.248837325213717	1.0002175881148943	1.9748950218269328	0.0	0.0	0.0	0.0
ERR3143468_1										5.551432703929374	1.3926162136728168	2.543391670918151	0.0	0.0	0.0	0.0
ERR3143468_2										5.300761866803159	1.2506966623993028	2.5312692100775243	0.0	0.0	0.0	0.0
ERR3143469_1										5.168444493453067	1.3546578991731095	2.089251300547989	0.0	0.0	0.0	0.0
ERR3143469_2										5.1753054672829615	1.3201240242470915	2.1856779065707777	0.0	0.0	0.0	0.0
ERR3143470_1										4.654027114953272	1.3713526309180273	1.2908989391352654	0.0	0.0	0.0	0.0
ERR3143470_2										4.145787044245027	1.364724834543465	1.1211357913951638	0.0	0.0	0.0	0.0
ERR3143471_1										6.201206736116874	1.5184531009660114	3.252539177637452	0.10278945486113487	0.0	0.0	0.0
ERR3143471_2										6.28255763758273	1.5997204211941416	3.183684660429928	0.10276893191517936	0.0	0.0	0.0
ERR3143472_1										5.358603854307949	1.4124723358481264	2.4823996327555355	0.04967856407915943	0.0	0.0	0.0
ERR3143472_2										5.27134729239504	1.3371783594781768	2.3725797198549836	0.050705941851525244	0.0	0.0	0.0
ERR3143473_1										9.10196495971737	3.1119166739875634	6.109229836004142	0.809673380443743	0.0	0.0	0.0
ERR3143473_2										9.023639254521957	3.26083553493494	6.0413366364078005	0.8117574410391666	0.0	0.0	0.0
ERR3143474_1										7.9245102218540895	1.8922464797554166	4.001214776579365	0.14851699940636856	0.0	0.0	0.0
ERR3143474_2										7.385943728310903	1.708340795438174	3.725861068431877	0.0	0.0	0.0	0.0
ERR3143475_1										6.650981903228711	1.5827208363011085	3.4135581959099865	0.11163012152946242	0.0	0.0	0.0
ERR3143475_2										6.696773600221022	1.613126857106461	3.301479914915589	0.15954920173372467	0.0	0.0	0.0
