Sample	FastQC_mqc-generalstats-fastqc-percent_duplicates	FastQC_mqc-generalstats-fastqc-percent_gc	FastQC_mqc-generalstats-fastqc-avg_sequence_length	FastQC_mqc-generalstats-fastqc-median_sequence_length	FastQC_mqc-generalstats-fastqc-percent_fails	FastQC_mqc-generalstats-fastqc-total_sequences
ERR3141386_1	89.5733210959208	53.0	251.0	251	36.36363636363637	198299.0
ERR3141386_2	87.31461076455253	50.0	251.0	251	36.36363636363637	198299.0
ERR3141387_1	88.5534151778288	54.0	251.0	251	36.36363636363637	180342.0
ERR3141387_2	89.97571281232325	52.0	251.0	251	45.45454545454545	180342.0
ERR3141388_1	93.60950431398282	53.0	251.0	251	36.36363636363637	420609.0
ERR3141388_2	93.32824547263611	50.0	251.0	251	36.36363636363637	420609.0
ERR3141389_1	93.32212905186748	54.0	251.0	251	36.36363636363637	223724.0
ERR3141389_2	94.07797107149881	51.0	251.0	251	45.45454545454545	223724.0
ERR3141390_1	87.09500923050278	51.0	251.0	251	36.36363636363637	254049.0
ERR3141390_2	87.76495872843428	50.0	251.0	251	36.36363636363637	254049.0
ERR3141391_1	90.30403961505019	53.0	251.0	251	36.36363636363637	135706.0
ERR3141391_2	92.08435883453937	52.0	251.0	251	45.45454545454545	135706.0
ERR3141392_1	90.2694029393128	52.0	251.0	251	36.36363636363637	195692.0
ERR3141392_2	90.59287042904155	50.0	251.0	251	36.36363636363637	195692.0
ERR3141393_1	90.39771208411655	54.0	251.0	251	36.36363636363637	235673.0
ERR3141393_2	91.1432366032596	52.0	251.0	251	36.36363636363637	235673.0
ERR3141394_1	91.04356246353242	54.0	251.0	251	36.36363636363637	483306.0
ERR3141394_2	90.42966567764522	51.0	251.0	251	36.36363636363637	483306.0
ERR3141395_1	88.77797009665142	53.0	251.0	251	36.36363636363637	223587.0
ERR3141395_2	90.45427506965969	52.0	251.0	251	36.36363636363637	223587.0
ERR3141396_1	89.52997260642115	53.0	251.0	251	36.36363636363637	327449.0
ERR3141396_2	90.96866993027922	51.0	251.0	251	36.36363636363637	327449.0
ERR3141397_1	91.08028454081693	53.0	251.0	251	36.36363636363637	84487.0
ERR3141397_2	88.21475493271154	51.0	251.0	251	36.36363636363637	84487.0
ERR3141398_1	88.3068621040696	53.0	251.0	251	36.36363636363637	241646.0
ERR3141398_2	90.2212327123147	51.0	251.0	251	45.45454545454545	241646.0
ERR3141399_1	88.0831237694212	53.0	251.0	251	36.36363636363637	153891.0
ERR3141399_2	84.43248792976847	51.0	251.0	251	45.45454545454545	153891.0
ERR3141400_1	85.17402619090694	52.0	251.0	251	36.36363636363637	143714.0
ERR3141400_2	83.72253225155518	50.0	251.0	251	45.45454545454545	143714.0
ERR3141401_1	92.8868356459864	53.0	251.0	251	36.36363636363637	121001.0
ERR3141401_2	87.72902703283444	50.0	251.0	251	45.45454545454545	121001.0
ERR3141402_1	84.19485903814262	52.0	251.0	251	36.36363636363637	120600.0
ERR3141402_2	83.77777777777777	51.0	251.0	251	45.45454545454545	120600.0
ERR3141403_1	88.61250412785206	53.0	251.0	251	36.36363636363637	130213.0
ERR3141403_2	85.806332701036	51.0	251.0	251	45.45454545454545	130213.0
ERR3141404_1	86.48008539595703	52.0	251.0	251	36.36363636363637	89934.0
ERR3141404_2	86.21211110369826	50.0	251.0	251	45.45454545454545	89934.0
ERR3141405_1	89.39171946043734	52.0	251.0	251	36.36363636363637	290754.0
ERR3141405_2	88.48751865838476	50.0	251.0	251	36.36363636363637	290754.0
ERR3141406_1	90.1965995763565	54.0	251.0	251	36.36363636363637	248322.0
ERR3141406_2	91.11154066091606	52.0	251.0	251	36.36363636363637	248322.0
ERR3141407_1	90.85037840363464	53.0	251.0	251	36.36363636363637	325314.0
ERR3141407_2	89.68135401489023	51.0	251.0	251	36.36363636363637	325314.0
ERR3141408_1	88.27914571522315	53.0	251.0	251	36.36363636363637	131057.0
ERR3141408_2	88.92848150041586	51.0	251.0	251	45.45454545454545	131057.0
ERR3141409_1	91.2723838086799	54.0	251.0	251	36.36363636363637	410788.0
ERR3141409_2	91.27092320126197	52.0	251.0	251	45.45454545454545	410788.0
ERR3141410_1	90.96240231779278	53.0	251.0	251	36.36363636363637	300976.0
ERR3141410_2	90.65473659029291	51.0	251.0	251	36.36363636363637	300976.0
ERR3141411_1	88.81191378788688	53.0	251.0	251	36.36363636363637	224748.0
ERR3141411_2	90.29001370423764	51.0	251.0	251	45.45454545454545	224748.0
ERR3141412_1	89.0414332650377	53.0	251.0	251	36.36363636363637	190837.0
ERR3141412_2	88.22450573002091	51.0	251.0	251	36.36363636363637	190837.0
ERR3141413_1	86.73542799429987	53.0	251.0	251	36.36363636363637	144558.0
ERR3141413_2	87.30544141451874	52.0	251.0	251	45.45454545454545	144558.0
ERR3141414_1	89.26769769245557	54.0	251.0	251	36.36363636363637	150853.0
ERR3141414_2	87.93262314968877	52.0	251.0	251	36.36363636363637	150853.0
ERR3141415_1	85.66846601331167	53.0	251.0	251	36.36363636363637	95405.0
ERR3141415_2	86.03741942246214	51.0	251.0	251	36.36363636363637	95405.0
ERR3141416_1	87.27841752115958	53.0	251.0	251	36.36363636363637	166473.0
ERR3141416_2	85.96889585698582	51.0	251.0	251	36.36363636363637	166473.0
ERR3141417_1	89.75740374489507	52.0	251.0	251	36.36363636363637	155732.0
ERR3141417_2	90.62106696118974	50.0	251.0	251	45.45454545454545	155732.0
ERR3141418_1	93.19318466998888	53.0	251.0	251	36.36363636363637	223144.0
ERR3141418_2	93.24875416771233	50.0	251.0	251	36.36363636363637	223144.0
ERR3141419_1	91.56229139758189	52.0	251.0	251	36.36363636363637	253173.0
ERR3141419_2	88.60186512779799	51.0	251.0	251	45.45454545454545	253173.0
ERR3141420_1	86.9724411944967	53.0	251.0	251	36.36363636363637	189268.0
ERR3141420_2	88.26531690512924	51.0	251.0	251	45.45454545454545	189268.0
ERR3141421_1	93.06402800573017	53.0	251.0	251	36.36363636363637	105407.0
ERR3141421_2	93.21676928477235	48.0	251.0	251	36.36363636363637	105407.0
ERR3141422_1	87.85021784920795	53.0	251.0	251	36.36363636363637	138628.0
ERR3141422_2	90.16071789248926	51.0	251.0	251	36.36363636363637	138628.0
ERR3141423_1	86.58016057058916	53.0	251.0	251	36.36363636363637	216478.0
ERR3141423_2	88.01725810474967	51.0	251.0	251	36.36363636363637	216478.0
ERR3141424_1	87.16333957795105	53.0	251.0	251	36.36363636363637	214051.0
ERR3141424_2	89.14511027745723	51.0	251.0	251	45.45454545454545	214051.0
ERR3141425_1	89.00248007421291	53.0	251.0	251	36.36363636363637	211284.0
ERR3141425_2	90.41574373828591	51.0	251.0	251	36.36363636363637	211284.0
ERR3141426_1	91.10155334348036	54.0	251.0	251	36.36363636363637	188561.0
ERR3141426_2	91.88485423815105	52.0	251.0	251	45.45454545454545	188561.0
ERR3141427_1	88.97354476548138	53.0	251.0	251	36.36363636363637	101719.0
ERR3141427_2	90.4540941220421	52.0	251.0	251	36.36363636363637	101719.0
ERR3141428_1	90.22034538651847	54.0	251.0	251	36.36363636363637	164106.0
ERR3141428_2	91.76081313297503	51.0	251.0	251	45.45454545454545	164106.0
ERR3141429_1	89.65925716382088	54.0	251.0	251	36.36363636363637	226241.0
ERR3141429_2	90.43984070084556	51.0	251.0	251	36.36363636363637	226241.0
ERR3141430_1	89.12469293141982	53.0	251.0	251	36.36363636363637	108282.0
ERR3141430_2	89.85057534955025	50.0	251.0	251	45.45454545454545	108282.0
ERR3141431_1	88.37271592570966	53.0	251.0	251	36.36363636363637	186673.0
ERR3141431_2	89.4510721957648	51.0	251.0	251	45.45454545454545	186673.0
ERR3141432_1	85.99135840242383	53.0	251.0	251	36.36363636363637	134003.0
ERR3141432_2	83.54290575584129	51.0	251.0	251	27.27272727272727	134003.0
ERR3141433_1	84.92836891417413	53.0	251.0	251	36.36363636363637	106518.0
ERR3141433_2	84.04213372387765	51.0	251.0	251	36.36363636363637	106518.0
ERR3141434_1	83.07103161630785	52.0	251.0	251	36.36363636363637	64239.0
ERR3141434_2	79.33031336104236	50.0	251.0	251	36.36363636363637	64239.0
ERR3141435_1	85.38560481168138	52.0	251.0	251	36.36363636363637	110398.0
ERR3141435_2	85.19176072030291	51.0	251.0	251	45.45454545454545	110398.0
ERR3141436_1	89.71540889208792	54.0	251.0	251	36.36363636363637	144488.0
ERR3141436_2	86.24937711090195	51.0	251.0	251	45.45454545454545	144488.0
ERR3141437_1	88.63008746086568	53.0	251.0	251	36.36363636363637	130001.0
ERR3141437_2	87.2947131175914	51.0	251.0	251	45.45454545454545	130001.0
ERR3141438_1	90.9838056680162	54.0	251.0	251	36.36363636363637	494000.0
ERR3141438_2	91.4074898785425	51.0	251.0	251	36.36363636363637	494000.0
ERR3141439_1	90.22921809002598	53.0	251.0	251	36.36363636363637	169751.0
ERR3141439_2	90.96853626782759	51.0	251.0	251	36.36363636363637	169751.0
ERR3141440_1	89.6301663637798	53.0	251.0	251	36.36363636363637	171131.0
ERR3141440_2	90.18237490577394	51.0	251.0	251	45.45454545454545	171131.0
ERR3141441_1	90.08625868664373	54.0	251.0	251	36.36363636363637	357877.0
ERR3141441_2	88.94927586852467	52.0	251.0	251	36.36363636363637	357877.0
ERR3141442_1	87.69383961763144	52.0	251.0	251	36.36363636363637	150640.0
ERR3141442_2	87.78146574614976	50.0	251.0	251	36.36363636363637	150640.0
ERR3141443_1	88.55772072794832	54.0	251.0	251	36.36363636363637	189464.0
ERR3141443_2	90.18863741924588	52.0	251.0	251	36.36363636363637	189464.0
ERR3141444_1	90.08380145501428	53.0	251.0	251	36.36363636363637	271475.0
ERR3141444_2	89.96740031310433	51.0	251.0	251	36.36363636363637	271475.0
ERR3141445_1	88.010850351496	52.0	251.0	251	36.36363636363637	245522.0
ERR3141445_2	89.47752136264775	50.0	251.0	251	36.36363636363637	245522.0
ERR3141446_1	90.03305604203152	52.0	251.0	251	36.36363636363637	456800.0
ERR3141446_2	90.75306479859896	50.0	251.0	251	36.36363636363637	456800.0
ERR3141447_1	87.9206179467276	54.0	251.0	251	36.36363636363637	184223.0
ERR3141447_2	89.63864446893167	52.0	251.0	251	45.45454545454545	184223.0
ERR3141448_1	87.33453281265587	53.0	251.0	251	36.36363636363637	270673.0
ERR3141448_2	86.35955562616145	51.0	251.0	251	36.36363636363637	270673.0
ERR3141449_1	88.23098382991066	53.0	251.0	251	36.36363636363637	262027.0
ERR3141449_2	89.97431562396241	51.0	251.0	251	36.36363636363637	262027.0
ERR3141450_1	88.14872098502882	54.0	251.0	251	36.36363636363637	248277.0
ERR3141450_2	88.94460622611035	52.0	251.0	251	45.45454545454545	248277.0
ERR3141451_1	91.81411714997178	54.0	251.0	251	36.36363636363637	288741.0
ERR3141451_2	92.1798428349282	52.0	251.0	251	36.36363636363637	288741.0
ERR3141452_1	90.5343102847534	55.0	251.0	251	36.36363636363637	198031.0
ERR3141452_2	91.75987597901339	53.0	251.0	251	27.27272727272727	198031.0
ERR3141453_1	91.14362258780191	52.0	251.0	251	36.36363636363637	238890.0
ERR3141453_2	91.63338775168488	50.0	251.0	251	36.36363636363637	238890.0
ERR3141454_1	82.27699124234138	54.0	251.0	251	36.36363636363637	86667.0
ERR3141454_2	77.82893142718682	53.0	251.0	251	45.45454545454545	86667.0
ERR3141455_1	89.8872981255284	53.0	251.0	251	36.36363636363637	393871.0
ERR3141455_2	88.81435800046208	51.0	251.0	251	36.36363636363637	393871.0
ERR3141456_1	89.55895882163628	53.0	251.0	251	36.36363636363637	307613.0
ERR3141456_2	91.22436307958377	51.0	251.0	251	45.45454545454545	307613.0
ERR3141457_1	88.39196088768207	52.0	251.0	251	36.36363636363637	276946.0
ERR3141457_2	89.40551587674132	50.0	251.0	251	36.36363636363637	276946.0
ERR3141458_1	88.46115130797509	53.0	251.0	251	36.36363636363637	248361.0
ERR3141458_2	89.87642987425562	51.0	251.0	251	45.45454545454545	248361.0
ERR3141459_1	87.40842387840341	52.0	251.0	251	36.36363636363637	133359.0
ERR3141459_2	88.34574344438695	51.0	251.0	251	36.36363636363637	133359.0
ERR3141460_1	89.00034356325789	53.0	251.0	251	36.36363636363637	177551.0
ERR3141460_2	90.0045620694899	50.0	251.0	251	36.36363636363637	177551.0
ERR3141461_1	92.48869996298747	53.0	251.0	251	36.36363636363637	178318.0
ERR3141461_2	92.2139099810451	49.0	251.0	251	36.36363636363637	178318.0
ERR3141462_1	88.33344167804286	54.0	251.0	251	36.36363636363637	138447.0
ERR3141462_2	89.67041539361634	52.0	251.0	251	45.45454545454545	138447.0
ERR3141463_1	91.48662692118361	53.0	251.0	251	36.36363636363637	219396.0
ERR3141463_2	90.32753559773195	49.0	251.0	251	36.36363636363637	219396.0
ERR3141464_1	94.67629940363081	61.0	251.0	251	36.36363636363637	167346.0
ERR3141464_2	94.78445854696258	57.0	251.0	251	36.36363636363637	167346.0
ERR3141465_1	94.35770049680625	61.0	251.0	251	36.36363636363637	160626.0
ERR3141465_2	94.54633745470845	57.0	251.0	251	36.36363636363637	160626.0
ERR3141466_1	93.73712321677912	61.0	251.0	251	36.36363636363637	102413.0
ERR3141466_2	92.94913731655161	57.0	251.0	251	36.36363636363637	102413.0
ERR3141467_1	95.13607913132586	61.0	251.0	251	36.36363636363637	207857.0
ERR3141467_2	94.0266625612801	58.0	251.0	251	36.36363636363637	207857.0
ERR3141468_1	94.1785650919346	61.0	251.0	251	36.36363636363637	107087.0
ERR3141468_2	93.56784670408173	57.0	251.0	251	36.36363636363637	107087.0
ERR3141469_1	94.85440273928877	61.0	251.0	251	36.36363636363637	137846.0
ERR3141469_2	93.88375433454725	58.0	251.0	251	36.36363636363637	137846.0
ERR3141470_1	93.5842308310561	61.0	251.0	251	36.36363636363637	149304.0
ERR3141470_2	91.03573916304988	57.0	251.0	251	36.36363636363637	149304.0
ERR3141471_1	94.64754958906153	61.0	251.0	251	36.36363636363637	160973.0
ERR3141471_2	94.18163294465532	57.0	251.0	251	36.36363636363637	160973.0
ERR3141472_1	94.64750498190247	62.0	251.0	251	36.36363636363637	196712.0
ERR3141472_2	94.2276017731506	58.0	251.0	251	36.36363636363637	196712.0
ERR3141473_1	94.7683923705722	61.0	251.0	251	36.36363636363637	146800.0
ERR3141473_2	94.82561307901908	57.0	251.0	251	36.36363636363637	146800.0
ERR3141474_1	93.53264538528306	61.0	251.0	251	36.36363636363637	155535.0
ERR3141474_2	94.71565885492012	57.0	251.0	251	36.36363636363637	155535.0
ERR3141475_1	94.39107067059646	61.0	251.0	251	36.36363636363637	167269.0
ERR3141475_2	94.82151504462871	57.0	251.0	251	36.36363636363637	167269.0
ERR3141476_1	93.77072008482858	61.0	251.0	251	36.36363636363637	156551.0
ERR3141476_2	92.81639848994897	57.0	251.0	251	36.36363636363637	156551.0
ERR3141477_1	94.17863089441111	61.0	251.0	251	36.36363636363637	190986.0
ERR3141477_2	95.03576178358622	57.0	251.0	251	36.36363636363637	190986.0
ERR3141478_1	94.80493313465846	61.0	251.0	251	36.36363636363637	213414.0
ERR3141478_2	94.96799647633239	57.0	251.0	251	36.36363636363637	213414.0
ERR3141479_1	93.37092069907906	61.0	251.0	251	36.36363636363637	174172.0
ERR3141479_2	94.67193349103185	57.0	251.0	251	36.36363636363637	174172.0
ERR3141480_1	92.36431950164304	60.0	251.0	251	36.36363636363637	163417.0
ERR3141480_2	93.54412331642362	56.0	251.0	251	36.36363636363637	163417.0
ERR3141481_1	93.98764173015778	61.0	251.0	251	36.36363636363637	166690.0
ERR3141481_2	94.49277101205831	57.0	251.0	251	36.36363636363637	166690.0
ERR3141482_1	88.65163333075913	53.0	251.0	251	36.36363636363637	181286.0
ERR3141482_2	89.38362587293007	50.0	251.0	251	45.45454545454545	181286.0
ERR3141483_1	87.4869815597623	53.0	251.0	251	36.36363636363637	97938.0
ERR3141483_2	87.88825583532439	50.0	251.0	251	36.36363636363637	97938.0
ERR3141484_1	94.1359554576998	53.0	251.0	251	36.36363636363637	260247.0
ERR3141484_2	94.42683297021675	50.0	251.0	251	45.45454545454545	260247.0
ERR3141485_1	94.4630915803878	53.0	251.0	251	36.36363636363637	154924.0
ERR3141485_2	94.46502801373576	50.0	251.0	251	36.36363636363637	154924.0
ERR3141486_1	88.10908755164694	54.0	251.0	251	36.36363636363637	173292.0
ERR3141486_2	89.27359601135656	52.0	251.0	251	36.36363636363637	173292.0
ERR3141487_1	89.59900830855412	54.0	251.0	251	36.36363636363637	254918.0
ERR3141487_2	89.73199224848776	52.0	251.0	251	36.36363636363637	254918.0
ERR3141488_1	88.58381223273544	55.0	251.0	251	36.36363636363637	103362.0
ERR3141488_2	88.43385383409763	53.0	251.0	251	36.36363636363637	103362.0
ERR3141489_1	87.03059055481963	54.0	251.0	251	36.36363636363637	64922.0
ERR3141489_2	83.81134284217984	52.0	251.0	251	36.36363636363637	64922.0
ERR3141490_1	87.21452086239957	53.0	251.0	251	36.36363636363637	145501.0
ERR3141490_2	87.36503529185367	51.0	251.0	251	36.36363636363637	145501.0
ERR3141491_1	87.08004101574281	53.0	251.0	251	36.36363636363637	165790.0
ERR3141491_2	87.48235719886603	51.0	251.0	251	36.36363636363637	165790.0
ERR3141492_1	91.15297787950523	53.0	251.0	251	36.36363636363637	255148.0
ERR3141492_2	90.73753272610406	51.0	251.0	251	36.36363636363637	255148.0
ERR3141493_1	90.69919995095485	54.0	251.0	251	27.27272727272727	163115.0
ERR3141493_2	90.50240627777949	52.0	251.0	251	36.36363636363637	163115.0
ERR3141494_1	87.97410339412198	55.0	251.0	251	36.36363636363637	156005.0
ERR3141494_2	87.41514695041826	53.0	251.0	251	36.36363636363637	156005.0
ERR3141495_1	87.42952425616174	52.0	251.0	251	36.36363636363637	191910.0
ERR3141495_2	86.64738679589391	51.0	251.0	251	36.36363636363637	191910.0
ERR3141496_1	86.90672610260418	54.0	251.0	251	36.36363636363637	103641.0
ERR3141496_2	83.12636890805763	52.0	251.0	251	45.45454545454545	103641.0
ERR3141497_1	89.99028131090776	55.0	251.0	251	27.27272727272727	188297.0
ERR3141497_2	90.1798754095923	53.0	251.0	251	36.36363636363637	188297.0
ERR3141498_1	88.63686765394377	54.0	251.0	251	36.36363636363637	243498.0
ERR3141498_2	88.22700802470656	52.0	251.0	251	36.36363636363637	243498.0
ERR3141499_1	91.43906603130168	55.0	251.0	251	36.36363636363637	224333.0
ERR3141499_2	91.24292903852755	52.0	251.0	251	36.36363636363637	224333.0
ERR3141500_1	88.39239652367158	54.0	251.0	251	27.27272727272727	151194.0
ERR3141500_2	89.58159715332619	52.0	251.0	251	36.36363636363637	151194.0
ERR3141501_1	92.99164120079094	54.0	251.0	251	36.36363636363637	89008.0
ERR3141501_2	77.96939600934748	50.0	251.0	251	45.45454545454545	89008.0
ERR3141502_1	89.57153338224505	54.0	251.0	251	36.36363636363637	136300.0
ERR3141502_2	90.63096111518709	52.0	251.0	251	36.36363636363637	136300.0
ERR3141503_1	87.45140099209009	55.0	251.0	251	27.27272727272727	126803.0
ERR3141503_2	86.12887707704077	53.0	251.0	251	45.45454545454545	126803.0
ERR3141504_1	93.23746089413665	53.0	251.0	251	36.36363636363637	99090.0
ERR3141504_2	91.05560601473408	50.0	251.0	251	36.36363636363637	99090.0
ERR3141505_1	87.90075418847094	52.0	251.0	251	36.36363636363637	170647.0
ERR3141505_2	88.05194348567511	50.0	251.0	251	36.36363636363637	170647.0
ERR3141506_1	91.2210699959817	53.0	251.0	251	36.36363636363637	141851.0
ERR3141506_2	91.85624352313343	52.0	251.0	251	36.36363636363637	141851.0
ERR3141507_1	92.50415030165607	53.0	251.0	251	36.36363636363637	197576.0
ERR3141507_2	92.80833704498522	51.0	251.0	251	36.36363636363637	197576.0
ERR3141508_1	89.6305257114738	54.0	251.0	251	36.36363636363637	243860.0
ERR3141508_2	90.0693020585582	53.0	251.0	251	36.36363636363637	243860.0
ERR3141509_1	92.33508753087746	54.0	251.0	251	36.36363636363637	232775.0
ERR3141509_2	91.53861024594566	53.0	251.0	251	36.36363636363637	232775.0
ERR3141510_1	90.97654039493148	55.0	251.0	251	27.27272727272727	302179.0
ERR3141510_2	91.32666399716724	53.0	251.0	251	27.27272727272727	302179.0
ERR3141511_1	89.97368547985144	54.0	251.0	251	36.36363636363637	186589.0
ERR3141511_2	89.69017466195757	52.0	251.0	251	36.36363636363637	186589.0
ERR3141512_1	88.0640075836416	53.0	251.0	251	36.36363636363637	97051.0
ERR3141512_2	86.14748946430227	51.0	251.0	251	36.36363636363637	97051.0
ERR3141513_1	90.81053860669482	54.0	251.0	251	36.36363636363637	180707.0
ERR3141513_2	91.39380322843056	52.0	251.0	251	36.36363636363637	180707.0
ERR3141514_1	89.23139647811189	55.0	251.0	251	27.27272727272727	218292.0
ERR3141514_2	90.0990416506331	53.0	251.0	251	36.36363636363637	218292.0
ERR3141515_1	87.68281722362939	53.0	251.0	251	36.36363636363637	195824.0
ERR3141515_2	88.04181305662227	51.0	251.0	251	36.36363636363637	195824.0
ERR3141516_1	89.0662517706616	53.0	251.0	251	36.36363636363637	215315.0
ERR3141516_2	89.00030188328728	51.0	251.0	251	36.36363636363637	215315.0
ERR3141517_1	88.03165036879474	53.0	251.0	251	36.36363636363637	203094.0
ERR3141517_2	88.02131032920717	51.0	251.0	251	36.36363636363637	203094.0
ERR3141518_1	89.59959212332902	54.0	251.0	251	36.36363636363637	223597.0
ERR3141518_2	90.11748815950125	52.0	251.0	251	27.27272727272727	223597.0
ERR3141519_1	90.66613545816733	54.0	251.0	251	36.36363636363637	125500.0
ERR3141519_2	90.76733067729083	52.0	251.0	251	36.36363636363637	125500.0
ERR3141520_1	85.92106695160923	54.0	251.0	251	36.36363636363637	101073.0
ERR3141520_2	84.76051962442986	52.0	251.0	251	36.36363636363637	101073.0
ERR3141521_1	89.29266195715479	54.0	251.0	251	36.36363636363637	252397.0
ERR3141521_2	90.07278216460575	52.0	251.0	251	36.36363636363637	252397.0
ERR3141522_1	87.74360477713907	55.0	251.0	251	36.36363636363637	156914.0
ERR3141522_2	89.04622914462699	53.0	251.0	251	36.36363636363637	156914.0
ERR3141523_1	89.221825620473	54.0	251.0	251	36.36363636363637	191628.0
ERR3141523_2	90.36623040474252	52.0	251.0	251	36.36363636363637	191628.0
ERR3141524_1	90.24348894869567	54.0	251.0	251	36.36363636363637	235945.0
ERR3141524_2	89.67471232702536	52.0	251.0	251	36.36363636363637	235945.0
ERR3141525_1	90.92996194609555	54.0	251.0	251	36.36363636363637	286173.0
ERR3141525_2	91.68440069468468	52.0	251.0	251	36.36363636363637	286173.0
ERR3141526_1	89.85790623733544	54.0	251.0	251	36.36363636363637	239349.0
ERR3141526_2	90.7574295275936	52.0	251.0	251	36.36363636363637	239349.0
ERR3141527_1	86.51360835330367	54.0	251.0	251	36.36363636363637	93472.0
ERR3141527_2	85.42772167066073	52.0	251.0	251	36.36363636363637	93472.0
ERR3141528_1	88.33465810128176	54.0	251.0	251	36.36363636363637	230229.0
ERR3141528_2	89.47352418678794	52.0	251.0	251	36.36363636363637	230229.0
ERR3141529_1	88.15054203313561	54.0	251.0	251	36.36363636363637	244450.0
ERR3141529_2	88.61075884638986	52.0	251.0	251	36.36363636363637	244450.0
ERR3141530_1	87.44311297991264	54.0	251.0	251	36.36363636363637	196442.0
ERR3141530_2	85.54993331364983	52.0	251.0	251	45.45454545454545	196442.0
ERR3141531_1	87.83682759474503	53.0	251.0	251	36.36363636363637	210011.0
ERR3141531_2	89.0377170719629	51.0	251.0	251	36.36363636363637	210011.0
ERR3141532_1	89.10973674573788	54.0	251.0	251	27.27272727272727	147462.0
ERR3141532_2	89.82653158101748	52.0	251.0	251	36.36363636363637	147462.0
ERR3141533_1	90.28561715016438	54.0	251.0	251	27.27272727272727	258843.0
ERR3141533_2	91.1884810483575	53.0	251.0	251	36.36363636363637	258843.0
ERR3141534_1	88.04273308957953	53.0	251.0	251	36.36363636363637	210048.0
ERR3141534_2	87.48524146861669	52.0	251.0	251	36.36363636363637	210048.0
ERR3141535_1	87.27217707072454	54.0	251.0	251	36.36363636363637	115660.0
ERR3141535_2	84.48642573058966	53.0	251.0	251	45.45454545454545	115660.0
ERR3141536_1	87.84094928970838	53.0	251.0	251	36.36363636363637	161131.0
ERR3141536_2	87.3761101215781	52.0	251.0	251	36.36363636363637	161131.0
ERR3141537_1	84.7401887264092	53.0	251.0	251	36.36363636363637	128016.0
ERR3141537_2	84.59645669291339	51.0	251.0	251	45.45454545454545	128016.0
ERR3141538_1	86.91105228986666	54.0	251.0	251	27.27272727272727	100115.0
ERR3141538_2	88.33141886830145	52.0	251.0	251	36.36363636363637	100115.0
ERR3141539_1	87.58481099264496	54.0	251.0	251	36.36363636363637	70156.0
ERR3141539_2	88.4186669707509	52.0	251.0	251	36.36363636363637	70156.0
ERR3141540_1	89.22603120109052	53.0	251.0	251	36.36363636363637	79228.0
ERR3141540_2	89.69556217498864	51.0	251.0	251	36.36363636363637	79228.0
ERR3141541_1	87.55729765626265	54.0	251.0	251	36.36363636363637	185217.0
ERR3141541_2	88.78774626519164	52.0	251.0	251	36.36363636363637	185217.0
ERR3141542_1	88.0935539225318	54.0	251.0	251	36.36363636363637	152682.0
ERR3141542_2	87.65342345528614	52.0	251.0	251	45.45454545454545	152682.0
ERR3141543_1	86.64583354470835	54.0	251.0	251	36.36363636363637	98561.0
ERR3141543_2	85.12494800174511	53.0	251.0	251	36.36363636363637	98561.0
ERR3141544_1	88.55660216394948	54.0	251.0	251	36.36363636363637	169967.0
ERR3141544_2	89.29851088740756	53.0	251.0	251	36.36363636363637	169967.0
ERR3141545_1	87.32156089649483	54.0	251.0	251	36.36363636363637	143046.0
ERR3141545_2	88.433091453099	52.0	251.0	251	36.36363636363637	143046.0
ERR3141546_1	85.8507795528385	55.0	251.0	251	36.36363636363637	104034.0
ERR3141546_2	83.65053732433627	53.0	251.0	251	45.45454545454545	104034.0
ERR3141547_1	89.49947558559609	55.0	251.0	251	36.36363636363637	171620.0
ERR3141547_2	89.50530241230626	53.0	251.0	251	27.27272727272727	171620.0
ERR3141548_1	87.41987727822259	55.0	251.0	251	36.36363636363637	175356.0
ERR3141548_2	87.88806770227423	53.0	251.0	251	36.36363636363637	175356.0
ERR3141549_1	89.48382087505419	55.0	251.0	251	36.36363636363637	198342.0
ERR3141549_2	89.46365368908249	53.0	251.0	251	27.27272727272727	198342.0
ERR3141550_1	89.72176623129445	55.0	251.0	251	36.36363636363637	168132.0
ERR3141550_2	90.83220326886018	52.0	251.0	251	36.36363636363637	168132.0
ERR3141551_1	86.34792721078408	53.0	251.0	251	36.36363636363637	122106.0
ERR3141551_2	87.24059423779339	51.0	251.0	251	36.36363636363637	122106.0
ERR3141552_1	91.0500864059482	55.0	251.0	251	36.36363636363637	137722.0
ERR3141552_2	90.7494808382103	52.0	251.0	251	36.36363636363637	137722.0
ERR3141553_1	91.57961439766103	54.0	251.0	251	36.36363636363637	159387.0
ERR3141553_2	90.54753524440513	52.0	251.0	251	45.45454545454545	159387.0
ERR3141554_1	92.1876624051554	53.0	251.0	251	36.36363636363637	76968.0
ERR3141554_2	90.6402660846066	51.0	251.0	251	45.45454545454545	76968.0
ERR3141555_1	94.37997582859775	53.0	251.0	251	36.36363636363637	288771.0
ERR3141555_2	94.19366903186261	50.0	251.0	251	36.36363636363637	288771.0
ERR3141556_1	89.17493489797937	53.0	251.0	251	36.36363636363637	91011.0
ERR3141556_2	87.003768775203	51.0	251.0	251	45.45454545454545	91011.0
ERR3141557_1	95.81687601005846	53.0	251.0	251	36.36363636363637	160263.0
ERR3141557_2	95.63030768174812	49.0	251.0	251	36.36363636363637	160263.0
ERR3141558_1	93.3614777002262	53.0	251.0	251	36.36363636363637	165338.0
ERR3141558_2	93.55320615950356	51.0	251.0	251	36.36363636363637	165338.0
ERR3141559_1	90.91794517469012	53.0	251.0	251	36.36363636363637	240254.0
ERR3141559_2	91.15186427697354	51.0	251.0	251	36.36363636363637	240254.0
ERR3141560_1	88.46158597600899	54.0	251.0	251	36.36363636363637	80947.0
ERR3141560_2	86.7024102190322	52.0	251.0	251	36.36363636363637	80947.0
ERR3141561_1	95.222742601066	53.0	251.0	251	36.36363636363637	222701.0
ERR3141561_2	95.08982896349815	49.0	251.0	251	36.36363636363637	222701.0
ERR3141562_1	90.0279578556691	53.0	251.0	251	36.36363636363637	163818.0
ERR3141562_2	91.18900242952544	51.0	251.0	251	36.36363636363637	163818.0
ERR3141563_1	91.74735211409904	54.0	251.0	251	36.36363636363637	178161.0
ERR3141563_2	91.7086230993315	51.0	251.0	251	36.36363636363637	178161.0
ERR3141564_1	92.7019684688697	54.0	251.0	251	36.36363636363637	224540.0
ERR3141564_2	92.91484813396276	51.0	251.0	251	36.36363636363637	224540.0
ERR3141565_1	93.33501398542634	54.0	251.0	251	36.36363636363637	166602.0
ERR3141565_2	90.99110454856485	52.0	251.0	251	45.45454545454545	166602.0
ERR3141566_1	94.17215666401216	53.0	251.0	251	36.36363636363637	179569.0
ERR3141566_2	93.20929559110982	51.0	251.0	251	36.36363636363637	179569.0
ERR3141567_1	93.12289798206278	53.0	251.0	251	36.36363636363637	114176.0
ERR3141567_2	92.14108043721973	51.0	251.0	251	36.36363636363637	114176.0
ERR3141568_1	93.40003659748	53.0	251.0	251	36.36363636363637	153016.0
ERR3141568_2	92.14918701312281	51.0	251.0	251	36.36363636363637	153016.0
ERR3141569_1	94.24137086482561	53.0	251.0	251	36.36363636363637	232729.0
ERR3141569_2	93.1774725109462	51.0	251.0	251	36.36363636363637	232729.0
ERR3141570_1	94.34089014111223	54.0	251.0	251	36.36363636363637	253061.0
ERR3141570_2	93.93663978250304	52.0	251.0	251	36.36363636363637	253061.0
ERR3141571_1	93.29831403758425	54.0	251.0	251	36.36363636363637	170763.0
ERR3141571_2	93.35687473281683	51.0	251.0	251	36.36363636363637	170763.0
ERR3141572_1	94.48490365650129	53.0	251.0	251	36.36363636363637	224094.0
ERR3141572_2	94.15870125929297	51.0	251.0	251	36.36363636363637	224094.0
ERR3141573_1	91.70610333219496	54.0	251.0	251	36.36363636363637	102485.0
ERR3141573_2	89.28526125774503	51.0	251.0	251	45.45454545454545	102485.0
ERR3141574_1	94.04429530201342	52.0	251.0	251	36.36363636363637	149000.0
ERR3141574_2	93.11812080536913	51.0	251.0	251	36.36363636363637	149000.0
ERR3141575_1	92.83423923669496	52.0	251.0	251	36.36363636363637	102292.0
ERR3141575_2	92.09615610213898	51.0	251.0	251	36.36363636363637	102292.0
ERR3141576_1	93.90547426610252	53.0	251.0	251	36.36363636363637	152678.0
ERR3141576_2	93.41489933061737	50.0	251.0	251	45.45454545454545	152678.0
ERR3141577_1	94.64700418021366	53.0	251.0	251	36.36363636363637	180852.0
ERR3141577_2	94.57788689093844	50.0	251.0	251	36.36363636363637	180852.0
ERR3143460_1	13.722436566354986	45.0	251.0	251	18.181818181818183	868488.0
ERR3143460_2	12.683764627686486	45.0	251.0	251	18.181818181818183	868488.0
ERR3143461_1	13.607670944283583	45.0	251.0	251	18.181818181818183	1138842.0
ERR3143461_2	12.941284225003784	45.0	251.0	251	18.181818181818183	1138842.0
ERR3143462_1	13.15979236826071	45.0	251.0	251	18.181818181818183	822073.0
ERR3143462_2	11.340202226802745	45.0	251.0	251	27.27272727272727	822073.0
ERR3143463_1	13.808658333305274	45.0	251.0	251	18.181818181818183	832626.0
ERR3143463_2	12.77317561148908	45.0	251.0	251	18.181818181818183	832626.0
ERR3143464_1	12.735256271011735	44.0	251.0	251	18.181818181818183	898196.0
ERR3143464_2	12.256972687174468	44.0	251.0	251	18.181818181818183	898196.0
ERR3143465_1	11.886910895104208	44.0	251.0	251	18.181818181818183	831963.0
ERR3143465_2	12.00000977922177	44.0	251.0	251	18.181818181818183	831963.0
ERR3143466_1	11.927324977313077	44.0	251.0	251	18.181818181818183	772287.0
ERR3143466_2	11.222686562777895	44.0	251.0	251	18.181818181818183	772287.0
ERR3143467_1	12.970227022757015	45.0	251.0	251	18.181818181818183	938165.0
ERR3143467_2	12.962884337563025	45.0	251.0	251	18.181818181818183	938165.0
ERR3143468_1	14.454912809467032	45.0	251.0	251	18.181818181818183	938407.0
ERR3143468_2	13.921262594968937	45.0	251.0	251	18.181818181818183	938407.0
ERR3143469_1	13.305745217419911	45.0	251.0	251	18.181818181818183	958702.0
ERR3143469_2	13.466695784957878	45.0	251.0	251	18.181818181818183	958702.0
ERR3143470_1	12.17517058779059	45.0	251.0	251	18.181818181818183	798860.0
ERR3143470_2	11.270346625517135	45.0	251.0	251	27.27272727272727	798860.0
ERR3143471_1	15.942011957019957	46.0	251.0	251	18.181818181818183	1113930.0
ERR3143471_2	15.985064803458954	46.0	251.0	251	18.181818181818183	1113930.0
ERR3143472_1	14.023709462129673	45.0	251.0	251	18.181818181818183	1047733.0
ERR3143472_2	13.55128706111806	45.0	251.0	251	18.181818181818183	1047733.0
ERR3143473_1	25.68104970187356	48.0	251.0	251	18.181818181818183	959395.0
ERR3143473_2	25.48452037015325	48.0	251.0	251	18.181818181818183	959395.0
ERR3143474_1	19.893552868908145	47.0	251.0	251	18.181818181818183	745178.0
ERR3143474_2	18.56500031980464	47.0	251.0	251	27.27272727272727	745178.0
ERR3143475_1	17.06605797995617	46.0	251.0	251	18.181818181818183	992792.0
ERR3143475_2	16.865437756047214	46.0	251.0	251	18.181818181818183	992792.0
